13101,2 13101
13102,3 13102
13103,2 13103 13131
13104,2 13104 13109
13105,4 13105 13154
13106,3 13106 13151
13107,2 13107 13113 13128
13108,4 13108 13129
13109,2 13109 13104
13111,1 13111 13114
13112,1 13112 13139
13112,3 13112
13113,2 13107 13113 13128
13114,1 13114 13111
13115,4 13115 13145
13117,2 13117 13138
13117,2 13117 13138
13118,2 13118 13149 13161
13120,2 13120 13130 13135
13122,1 13122 13156
13123,2 13123 13133
13124,2 13124 13126 13146
13124,2 13124 13146
13124,4 13124 13146
13126,2 13126 13124 13146
13127,4 13127 13134 13140
13128,2 13107 13113 13128
13129,4 13129 13108
13130,2 13120 13130 13135
13131,2 13131 13103
13133,2 13123 13133
13134,4 13127 13134 13140
13135,2 13120 13130 13135
13136,2 13136 13160
13137,2 13137 13219
13138,2 13138 13117
13139,1 13139 13112
13140,4 13127 13134 13140
13141,2 13141 13144
13142,4 13142 13150
13143,2 13157 13143
13144,2 13141 13144
13145,4 13145 13115
13146,2 13146 13124
13146,2 13146 13124 13126
13147,2 13147
13149,2 13118 13149 13161
13150,4 13150 13142
13151,3 13106 13151
13154,4 13105 13154
13155,4 13155 13159
13156,1 13156 13122
13157,2 13157 13143
13159,4 13159 13155
13160,2 13136 13160
13161,2 13118 13149 13161
13219,2 13219 13137
14202,2 14202 14211
14203,2 14203 14214 14227
14204,2 14302 14303 14204
14204,4 14204
14205,3 14228 14224 14205
14206,4 14206 14301 14231
14207,2 14207 14219
14208,4 14208 14217
14209,4 14209 14213
14211,2 14211 14202
14212,4 14212 14226 14307
14213,4 14209 14213
14214,2 14203 14214 14227
14215,4 14215
14216,2 14216 14223
14217,4 14217 14208
14219,2 14207 14219
14221,2 14221 14232
14222,3 14222 14229
14223,2 14223 14216
14224,3 14228 14224 14205
14225,3 14225 14304
14226,4 14212 14226 14307
14227,2 14203 14214 14227
14228,3 14228 14224 14205
14229,3 14222 14229
14231,\65279 4 14206 14231 14301
14232,2 14232 14221
14301,\65279 4 14206 14231 14301
14302,2 14302 14303 14204
14303,2 14303 14302 14204
14304,3 14304 14225
14307,4 14212 14226 14307
